1
0
50
100
0 1
0 2
1 3
1 4
2 5
2 6
3 7
3 8
4 9
4 10
5 11
5 12
6 13
6 14
7 15
7 16
8 17
8 18
9 19
9 20
10 21
10 22
11 23
11 24
12 25
12 26
13 27
13 28
14 29
14 30
15 31
15 32
16 33
16 34
17 35
17 36
18 37
18 38
19 39
19 40
20 41
20 42
21 43
21 44
22 45
22 46
23 47
23 48
24 49
24 0
25 1
25 17
26 2
26 18
27 3
27 19
28 4
28 20
29 5
29 21
30 6
30 22
31 7
31 23
32 8
32 24
33 9
33 25
34 10
34 26
35 11
35 27
36 12
36 28
37 13
37 29
38 14
38 30
39 15
39 31
40 16
40 32
41 17
41 33
42 18
42 34
43 19
43 35
44 20
44 36
45 21
45 37
46 22
46 38
47 23
47 39
48 24
48 40
49 25
49 41