1
0
75
75
0 58
0 66
1 22
1 13
2 57
2 10
3 29
3 62
4 59
4 43
5 36
5 17
6 36
6 31
7 29
7 35
8 52
8 30
9 37
9 72
10 72
11 51
11 64
12 28
12 63
13 63
14 54
14 53
15 21
15 25
16 22
16 67
17 48
18 46
18 71
19 56
19 58
20 52
20 73
21 59
23 70
23 39
24 44
24 65
25 32
26 51
26 44
27 57
27 33
28 69
30 48
31 65
32 49
33 60
34 56
34 74
35 61
37 74
38 40
38 45
39 49
40 42
41 70
41 69
42 55
43 73
45 46
47 50
47 64
50 54
53 60
55 68
61 62
66 67
68 71
