1
0
99
99
0 8
0 36
1 23
1 98
2 7
2 77
3 55
3 94
4 86
4 75
5 97
5 56
6 17
6 84
7 50
8 76
9 69
9 34
10 65
10 79
11 84
11 78
12 82
12 89
13 22
13 31
14 83
14 48
15 21
15 52
16 25
16 35
17 46
18 89
18 49
19 23
19 22
20 55
20 29
21 90
24 86
24 71
25 35
26 31
26 59
27 58
27 52
28 90
28 85
29 91
30 88
30 46
32 93
32 92
33 74
33 75
34 74
36 88
37 78
37 87
38 64
38 96
39 41
39 64
40 71
40 72
41 43
42 61
42 98
43 54
44 77
44 87
45 53
45 68
47 92
47 48
49 97
50 76
51 72
51 62
53 81
54 85
56 81
57 94
57 62
58 68
59 96
60 80
60 69
61 93
63 91
63 73
65 83
66 73
66 95
67 70
67 80
70 95
79 82
