1
0
92
92
0 73
0 12
1 5
1 25
2 8
2 40
3 59
3 40
4 34
4 79
5 51
6 71
6 10
7 25
7 34
8 91
9 15
9 66
10 72
11 35
11 82
12 76
13 67
13 20
14 90
14 17
15 57
16 67
16 24
17 77
18 19
18 29
19 51
20 72
21 29
21 55
22 36
22 82
23 79
23 27
24 59
26 45
26 47
27 43
28 66
28 74
30 71
30 50
31 50
31 70
32 65
32 44
33 80
33 37
35 68
36 89
37 91
38 41
38 76
39 48
39 56
41 45
42 88
42 85
43 49
44 69
46 61
46 55
47 78
48 73
49 68
52 53
52 88
53 84
54 61
54 62
56 63
57 80
58 62
58 77
60 83
60 74
63 69
64 65
64 85
70 87
75 90
75 81
78 84
81 83
86 87
86 89
