1
0
49
98
0 41
0 7
0 19
0 35
1 32
1 48
1 5
1 23
2 35
2 30
2 45
2 5
3 27
3 44
3 23
3 47
4 26
4 8
4 17
4 18
5 32
5 40
6 23
6 8
6 10
6 31
7 22
7 9
7 16
8 22
8 43
9 24
9 44
9 35
10 15
10 37
10 14
11 36
11 19
11 30
11 48
12 29
12 27
12 16
12 26
13 43
13 28
13 45
13 32
14 16
14 47
14 42
15 33
15 36
15 43
16 45
17 27
17 37
17 32
18 44
18 43
18 28
19 27
19 38
20 23
20 35
20 45
20 30
21 40
21 46
21 42
21 38
22 31
22 44
24 29
24 38
24 46
25 40
25 48
25 33
25 46
26 30
26 46
28 41
28 40
29 34
29 42
31 37
31 34
33 47
33 38
34 48
34 37
36 39
36 41
39 47
39 42
39 41
